hq
hk 0
hs 250 250 250 250 250 250 250 250 250 250 250 250 250 250 250 250
hcw 2 2.5 3 4 5 6 7 8 9 6
hch 2 2.5 3 4 5 6 7 8 9 3
hcd 0 0 0.5 0.5 0.5 1 1 1 1 1
hcc      1      1      2      2      3      3      4      4      5      2
hn 0 0 0 0
hp3-  34262.8515141222 19199.8914568925
hp4-  -40496.8595011236 19256.2733412202
hp5-  -40505.6560883018 -2442.79416456709
hp6-  26933.4249170163 -2392.40406161637
hp7-  32180.7832695452 611.580876816257
hp8-  34262.8515141222 19199.8914568925
lg0
ly0
lc2
lt1
cn0 3 3 0.5 2
cn"$<‚l‚r ƒSƒVƒbƒN>
#
