hq
hk 0
hs 250 250 250 250 250 250 250 250 250 250 250 250 250 250 250 250
hcw 2 2.5 3 4 5 6 7 8 9 6
hch 2 2.5 3 4 5 6 7 8 9 3
hcd 0 0 0.5 0.5 0.5 1 1 1 1 1
hcc      1      1      2      2      3      3      4      4      5      2
hn 0 0 0 0
hp3-  -40505.6560883018 -2442.79416456709
hp4-  26933.4249170163 -2392.40406161637
hp5-  32238.031706408 593.619349131622
hp6-  34262.8515141222 19199.8914568925
hp7-  -40496.8595011236 19256.2733412202
hp8-  -40505.6560883018 -2442.79416456709
lg0
ly0
lc2
lt1
cn0 3 3 0.5 2
cn"$<‚l‚r ƒSƒVƒbƒN>
#
