hq
hk 0
hs 600 600 600 600 600 600 600 600 600 600 600 600 600 600 600 600
hcw 2 2.5 3 4 5 6 7 8 1.5 6
hch 2 2.5 3 4 5 6 7 8 1.5 3
hcd 0 0 0.5 0.5 0.5 1 1 1 0 1
hcc      1      2      2      2      3      3      4      4      1      2
hn -190002.623126338 -23419.7537473233 -168633.886509636 18978.5331905782
hp1-  -90984.2577738658 21250.5480255399
hp2   -90995.1218173337 -20933.3197822926
hp3-  -66133.2128935894 -20082.9436885913
hp4   -66134.171796393 17849.7297147183
lg1
ly7
lc2
lt1
cn3
cn"$<‚l‚r ƒSƒVƒbƒN>
#
