hq
hk 0
hs 250 250 250 250 250 250 250 250 250 250 250 250 250 250 250 250
hcw 2 2.5 3 4 5 6 7 8 9 6
hch 2 2.5 3 4 5 6 7 8 9 3
hcd 0 0 0.5 0.5 0.5 1 1 1 1 1
hcc      1      1      2      2      3      3      4      4      5      2
hn 0 0 0 0
hp3-  -39902.7596123089 -21231.6354329471
hp4-  -16512.3573276753 -18964.6813169972
hp5-  -14714.617057897 -16781.076516939
hp6-  -18760.5782182327 27691.4185697456
hp7-  -27544.7596123089 24983.3645670529
hp8-  -29352.7596123089 21330.3645670529
hp9-  -25055.7596123089 4949.36456705286
hp10-  -26027.7596123089 1935.36456705287
hp11-  -41327.7596123089 -19277.6354329471
hp12-  -39902.7596123089 -21231.6354329471
lg2
ly6
lc2
lt1
cn3
cn"$<‚l‚r ƒSƒVƒbƒN>
#
